1640771957
2
10
0000110110111000001011100101111001110000100010100000000100010001101011000111001011000000001010100000

1640768957
4
10
0000000001000000000000000100000000000000010000000001000000110000000000000100001000110000000000000000

1638945077
57
20
0000000000000000000000000000010000000000000000000000000000000000001000100001000001000000000000000000000000011000000000000000000000000000001010000000000000000000000000011000001000000000000000000000000000000000000000000000000000000000000000001000100000000000000000001000000000000000000000000000000000000001000000000000000001000000000000000000000000000000000000001000000000000000100000010000000000000000

